1
0.000001
4
0.000001
7
0.000001
10
0.000000
13
0.000001
16
0.000001
19
0.000001
22
0.000001
25
0.000001
28
0.000001
31
0.000001
34
0.000001
37
0.000001
40
0.000001
43
0.000001
46
0.000001
92
0.000001
184
0.000001
368
0.000001
736
0.000001
1472
0.000002
2944
0.000001
5888
0.000001
11776
0.000002
23552
0.000002
47104
0.000001
94208
0.000001
188416
0.000002
376832
0.000002
753664
0.000002
1507328
0.000002
3014656
0.000002
6029312
0.000002
12058624
0.000002
24117248
0.000002
48234496
0.000002
96468992
0.000003
192937984
0.000002
385875968
0.000002
771751936
0.000002
1543503872
0.000002
3087007744
0.000002
6174015488
0.000002
12348030976
0.000002
24696061952
0.000002
49392123904
0.000002
98784247808
0.000000
197568495616
0.000000
395136991232
0.000000
790273982464
0.000001
1580547964928
0.000001
3161095929856
0.000000
6322191859712
0.000001
12644383719424
0.000000
25288767438848
0.000001
50577534877696
0.000000
101155069755392
0.000000
202310139510784
0.000000
404620279021568
0.000001
809240558043136
0.000000
1618481116086272
0.000001
3236962232172544
0.000000
6473924464345088
0.000001
12947848928690176
0.000001
25895697857380352
0.000000
51791395714760704
0.000000
103582791429521408
0.000001
207165582859042816
0.000000
414331165718085632
0.000000
828662331436171264
0.000001
1657324662872342528
0.000000
3314649325744685056
0.000001
6629298651489370112
0.000000
