1
0.000006
4
0.000004
7
0.000004
10
0.000003
13
0.000003
16
0.000003
19
0.000004
22
0.000004
25
0.000004
28
0.000003
31
0.000004
34
0.000004
37
0.000004
40
0.000004
43
0.000003
46
0.000003
92
0.000005
184
0.000007
368
0.000011
736
0.000019
1472
0.000035
2944
0.000067
5888
0.000133
11776
0.000258
23552
0.000532
47104
0.001037
94208
0.002079
188416
0.004056
376832
0.006342
753664
0.006645
1507328
0.008970
3014656
0.011351
6029312
0.021707
12058624
0.041879
24117248
0.079878
48234496
0.162041
96468992
0.319184
192937984
0.640795
385875968
1.286765
771751936
2.661858
1543503872
5.124568
