1
0.000003
4
0.000001
7
0.000000
10
0.000000
13
0.000000
16
0.000001
19
0.000001
22
0.000000
25
0.000000
28
0.000001
31
0.000001
34
0.000000
37
0.000000
40
0.000000
43
0.000001
46
0.000001
92
0.000000
184
0.000001
368
0.000000
736
0.000001
1472
0.000001
2944
0.000001
5888
0.000001
11776
0.000000
23552
0.000000
47104
0.000001
94208
0.000001
188416
0.000001
376832
0.000001
753664
0.000001
1507328
0.000001
3014656
0.000001
6029312
0.000001
12058624
0.000001
24117248
0.000000
48234496
0.000000
96468992
0.000000
192937984
0.000001
385875968
0.000001
771751936
0.000001
1543503872
0.000001
3087007744
0.000000
6174015488
0.000000
12348030976
0.000000
24696061952
0.000001
49392123904
0.000001
98784247808
0.000001
197568495616
0.000001
395136991232
0.000000
790273982464
0.000000
1580547964928
0.000001
3161095929856
0.000001
6322191859712
0.000001
12644383719424
0.000000
25288767438848
0.000000
50577534877696
0.000000
101155069755392
0.000000
202310139510784
0.000001
404620279021568
0.000001
809240558043136
0.000000
1618481116086272
0.000001
3236962232172544
0.000001
6473924464345088
0.000001
12947848928690176
0.000001
25895697857380352
0.000001
51791395714760704
0.000001
103582791429521408
0.000001
207165582859042816
0.000001
414331165718085632
0.000000
828662331436171264
0.000001
1657324662872342528
0.000001
3314649325744685056
0.000001
6629298651489370112
0.000001
