170000
0.117202
170000
0.080885
170000
0.079286
340000
0.205511
340000
0.171777
340000
0.16838
510000
0.342062
510000
0.272905
510000
0.269732
680000
0.617178
680000
0.426556
680000
0.389429
850000
0.601273
850000
0.451074
850000
0.44554
1020000
0.730494
1020000
0.559299
1020000
0.576897
1190000
0.902811
1190000
0.639857
1190000
0.643215
1360000
1.32058
1360000
0.913667
1360000
0.795092
1530000
1.44252
1530000
0.917445
1530000
0.862224
1700000
1.468
1700000
1.10766
1700000
1.11838
1870000
1.67872
1870000
1.10649
1870000
1.07355
2040000
1.76357
2040000
1.25586
2040000
1.33609
2210000
1.91235
2210000
1.26588
2210000
1.28532
2380000
2.09971
2380000
1.34335
2380000
1.30307
2550000
1.99045
2550000
1.43783
2550000
1.39558
2720000
2.13252
2720000
1.55865
2720000
1.49335
2890000
2.34714
2890000
1.66679
2890000
1.66904
3060000
2.49559
3060000
1.78006
3060000
1.92716
3230000
2.67061
3230000
1.86067
3230000
1.82008
3400000
2.77721
3400000
1.94565
3400000
1.98577
3570000
2.90191
3570000
2.06576
3570000
2.1896
3740000
3.17817
3740000
2.2631
3740000
2.13367
3910000
3.28518
3910000
2.28024
3910000
2.18929
4080000
3.42132
4080000
2.35291
4080000
2.29619
4250000
3.57142
4250000
2.46275
4250000
2.38394
4420000
3.67577
4420000
2.55232
4420000
2.50621
4590000
4.00151
4590000
2.84922
4590000
2.73678
4760000
4.02527
4760000
2.75237
4760000
2.66915
4930000
4.14416
4930000
2.86117
4930000
2.78233
5100000
4.29309
5100000
2.97803
5100000
2.87979
5270000
4.46968
5270000
3.10933
5270000
2.98716
5440000
4.67301
5440000
3.17456
5440000
3.07186
5610000
4.80314
5610000
3.28281
5610000
3.18389
5780000
4.95456
5780000
3.38601
5780000
3.31821
5950000
5.12049
5950000
3.49643
5950000
3.38773
6120000
5.29826
6120000
3.63265
6120000
3.50425
6290000
5.46729
6290000
3.69827
6290000
3.60125
6460000
5.88584
6460000
3.88074
6460000
3.86384
6630000
5.80046
6630000
3.91396
6630000
3.80192
6800000
5.99757
6800000
4.03021
6800000
3.92893
6970000
6.19272
6970000
4.11147
6970000
4.00603
7140000
6.35941
7140000
4.23923
7140000
4.12154
7310000
6.61085
7310000
4.39324
7310000
4.22515
7480000
6.72364
7480000
4.47131
7480000
4.31804
7650000
6.85879
7650000
4.54183
7650000
4.42448
7820000
7.02995
7820000
4.64934
7820000
4.52799
7990000
7.18034
7990000
4.77096
7990000
4.6348
8160000
7.43489
8160000
4.87784
8160000
4.73422
8330000
7.60013
8330000
4.96775
8330000
4.83661
8500000
7.73315
8500000
5.07266
8500000
4.94638
8670000
7.92793
8670000
5.27972
8670000
5.03449
8840000
8.08094
8840000
5.29475
8840000
5.13795
9010000
8.25304
9010000
5.41122
9010000
5.2639
9180000
8.46263
9180000
5.51578
9180000
5.45003
9350000
8.68094
9350000
5.624
9350000
5.53294
9520000
8.79322
9520000
5.74349
9520000
5.57465
9690000
8.98719
9690000
5.85623
9690000
5.67994
9860000
9.14986
9860000
5.94722
9860000
5.78288
10030000
9.36732
10030000
6.05784
10030000
5.89541
10200000
9.53979
10200000
6.26584
10200000
7.30649
10370000
12.6777
10370000
7.4623
10370000
6.78858
10540000
10.0467
10540000
6.78095
10540000
6.56671
10710000
10.2792
10710000
6.75527
10710000
6.35774
10880000
10.3582
10880000
6.64158
10880000
6.61666
11050000
10.598
11050000
6.76357
11050000
6.57775
11220000
10.7327
11220000
6.86791
11220000
6.68241
11390000
11.6548
11390000
7.01676
11390000
6.80212
11560000
11.0989
11560000
7.13891
11560000
6.8977
11730000
11.6175
11730000
7.52291
11730000
7.20224
11900000
11.5145
11900000
7.31719
11900000
7.11644
12070000
11.6723
12070000
7.75042
12070000
7.33656
12240000
11.8831
12240000
7.55001
12240000
7.366
12410000
12.0399
12410000
7.66803
12410000
7.45942
12580000
12.382
12580000
7.77534
12580000
7.7957
12750000
12.4298
12750000
7.88666
12750000
7.6683
12920000
12.5833
12920000
8.00718
12920000
7.76802
13090000
12.7782
13090000
8.10204
13090000
7.94427
13260000
13.0985
13260000
8.22426
13260000
7.97575
13430000
13.3922
13430000
8.32231
13430000
8.08398
13600000
13.3695
13600000
8.4268
13600000
8.1867
13770000
13.5511
13770000
8.51834
13770000
8.29941
13940000
13.8315
13940000
8.64959
13940000
8.41671
14110000
13.9086
14110000
8.75018
14110000
8.52266
14280000
14.084
14280000
8.8577
14280000
8.6311
14450000
14.6337
14450000
8.98237
14450000
8.83956
14620000
14.5252
14620000
9.08186
14620000
8.83313
14790000
14.674
14790000
9.22441
14790000
8.96656
14960000
14.991
14960000
9.46118
14960000
9.07665
15130000
15.0755
15130000
9.44972
15130000
9.18298
15300000
15.2584
15300000
9.53542
15300000
9.32596
15470000
15.4464
15470000
9.65549
15470000
9.44812
15640000
15.6433
15640000
9.76588
15640000
9.5446
15810000
17.8109
15810000
10.1648
15810000
10.0411
15980000
17.8616
15980000
10.508
15980000
10.154
16150000
17.5761
16150000
10.854
16150000
10.1055
16320000
16.8304
16320000
10.7175
16320000
10.3033
16490000
18.187
16490000
10.909
16490000
10.768
16660000
17.564
16660000
10.6845
16660000
10.6713
16830000
17.9018
16830000
10.6381
16830000
10.9925
17000000
18.7372
17000000
11.3257
17000000
11.145
