170000
0.115085
170000
0.088903
170000
0.083771
340000
0.216075
340000
0.185122
340000
0.191809
510000
0.392877
510000
0.350207
510000
0.328819
680000
0.582881
680000
0.447657
680000
0.402719
850000
0.735087
850000
0.578123
850000
0.566596
1020000
0.96816
1020000
0.612382
1020000
0.588222
1190000
1.11682
1190000
0.781959
1190000
0.75361
1360000
1.07878
1360000
0.846754
1360000
0.791956
1530000
1.23644
1530000
0.931875
1530000
0.900306
1700000
1.36404
1700000
1.06418
1700000
1.02771
1870000
1.60458
1870000
1.1833
1870000
1.16117
2040000
1.84971
2040000
1.25947
2040000
1.26561
2210000
1.90788
2210000
1.4078
2210000
1.40308
2380000
2.17447
2380000
1.65538
2380000
1.46695
2550000
2.16073
2550000
1.63093
2550000
1.69678
2720000
2.74269
2720000
1.83163
2720000
1.80744
2890000
2.74083
2890000
1.92053
2890000
1.82142
3060000
2.99546
3060000
2.14492
3060000
2.27426
3230000
3.42
3230000
2.2413
3230000
2.21165
3400000
3.36642
3400000
2.23745
3400000
2.18159
3570000
3.33443
3570000
2.29939
3570000
2.24604
3740000
3.51833
3740000
2.63975
3740000
2.6279
3910000
4.63377
3910000
2.7871
3910000
2.82004
4080000
4.67817
4080000
2.97901
4080000
2.87533
4250000
4.59942
4250000
2.89071
4250000
2.81863
4420000
5.11777
4420000
3.09587
4420000
3.03511
4590000
4.92006
4590000
3.12901
4590000
3.19971
4760000
5.1931
4760000
3.41254
4760000
3.11956
4930000
5.28575
4930000
3.55392
4930000
3.36492
5100000
5.2975
5100000
3.51258
5100000
3.51282
5270000
5.43597
5270000
3.81082
5270000
3.66007
5440000
5.91574
5440000
3.73604
5440000
3.63198
5610000
5.78792
5610000
3.70088
5610000
3.76704
5780000
5.95435
5780000
3.84272
5780000
3.8068
5950000
6.32506
5950000
4.40031
5950000
3.92871
6120000
6.68684
6120000
4.52919
6120000
4.72266
6290000
6.60482
6290000
4.27024
6290000
4.03043
6460000
6.59956
6460000
5.2794
6460000
4.31044
6630000
6.69983
6630000
4.38283
6630000
4.30692
6800000
7.41448
6800000
4.84507
6800000
4.58818
6970000
7.73849
6970000
4.72239
6970000
4.80844
7140000
7.80091
7140000
5.06271
7140000
4.71999
7310000
8.81884
7310000
5.03873
7310000
4.91736
7480000
8.20073
7480000
5.27025
7480000
5.18949
7650000
8.59906
7650000
5.37876
7650000
5.5013
7820000
9.52245
7820000
5.65111
7820000
5.61784
7990000
9.36768
7990000
5.49795
7990000
5.35376
8160000
8.60898
8160000
5.52109
8160000
5.47777
8330000
10.042
8330000
6.12935
8330000
5.83605
8500000
10.5149
8500000
6.34727
8500000
6.4724
8670000
11.4286
8670000
6.33381
8670000
6.60865
8840000
11.5761
8840000
6.74049
8840000
6.48345
9010000
9.78591
9010000
6.18955
9010000
6.04876
9180000
10.4001
9180000
6.74718
9180000
6.35049
9350000
10.2088
9350000
6.53315
9350000
6.37987
9520000
10.6656
9520000
6.45743
9520000
6.53077
9690000
10.6551
9690000
6.89296
9690000
6.55251
9860000
11.233
9860000
6.98974
9860000
6.74626
10030000
11.2118
10030000
7.12955
10030000
7.18261
10200000
12.104
10200000
7.07499
10200000
7.07695
10370000
11.3386
10370000
7.13466
10370000
6.92631
10540000
11.5088
10540000
7.61455
10540000
7.18555
10710000
12.0744
10710000
7.47486
10710000
7.31577
10880000
11.9154
10880000
7.5362
10880000
7.36501
11050000
12.5573
11050000
7.68135
11050000
7.88446
11220000
12.7329
11220000
7.85208
11220000
7.76588
11390000
13.0105
11390000
7.91503
11390000
7.7508
11560000
13.0476
11560000
8.11968
11560000
7.86781
11730000
13.2123
11730000
8.26485
11730000
7.9534
11900000
13.6183
11900000
8.22938
11900000
8.0569
12070000
13.6333
12070000
8.52248
12070000
8.44591
12240000
13.7675
12240000
8.47434
12240000
8.33682
12410000
14.4517
12410000
8.63557
12410000
8.36386
12580000
14.3318
12580000
8.73774
12580000
9.28279
12750000
15.1754
12750000
9.25485
12750000
9.82784
12920000
16.7145
12920000
9.97503
12920000
9.47591
13090000
15.713
13090000
9.11609
13090000
8.8998
13260000
16.748
13260000
9.69239
13260000
9.08691
13430000
16.9542
13430000
9.39374
13430000
9.1304
13600000
15.501
13600000
9.52421
13600000
9.24015
13770000
15.7535
13770000
9.54539
13770000
9.3966
13940000
18.482
13940000
10.0103
13940000
9.60064
14110000
16.4624
14110000
9.91694
14110000
9.72141
14280000
16.6862
14280000
10.4029
14280000
10.1526
14450000
17.3651
14450000
11.4265
14450000
10.8792
14620000
18.2827
14620000
10.3336
14620000
10.0974
14790000
17.5001
14790000
10.6202
14790000
10.2866
14960000
17.2583
14960000
10.5725
14960000
10.6381
15130000
17.9177
15130000
10.7592
15130000
10.4761
15300000
18.1757
15300000
10.858
15300000
10.9517
15470000
18.9402
15470000
11.2182
15470000
10.7809
15640000
19.2713
15640000
11.5455
15640000
11.1935
15810000
18.7081
15810000
11.8481
15810000
11.0799
15980000
19.2785
15980000
11.3214
15980000
11.1411
16150000
19.2865
16150000
11.5222
16150000
11.3499
16320000
19.6021
16320000
11.5573
16320000
11.9293
16490000
20.5962
16490000
11.6319
16490000
11.5041
16660000
21.6463
16660000
11.9118
16660000
11.6077
16830000
21.7761
16830000
12.1296
16830000
11.8089
17000000
20.839
17000000
12.3989
17000000
12.1014
