1000
0.023158
2000
0.019939
3000
0.020959
4000
0.016217
5000
0.016745
6000
0.016453
7000
0.013382
8000
0.013219
9000
0.013073
10000
0.013239
11000
0.013036
12000
0.013399
13000
0.010034
14000
0.010478
15000
0.010086
16000
0.009698
17000
0.010227
18000
0.009929
19000
0.009871
20000
0.010115
21000
0.010068
22000
0.010314
23000
0.010996
24000
0.011167
25000
0.007169
26000
0.006863
27000
0.00708
28000
0.00701
29000
0.006953
30000
0.00748
31000
0.007107
32000
0.007428
33000
0.007307
34000
0.007406
35000
0.006883
36000
0.00724
37000
0.007052
38000
0.007022
39000
0.007115
40000
0.007152
41000
0.007091
42000
0.006939
43000
0.007344
44000
0.007355
45000
0.007552
46000
0.006995
47000
0.006974
48000
0.007117
49000
0.006961
50000
0.004134
51000
0.004295
52000
0.004148
53000
0.004457
54000
0.003848
55000
0.004326
56000
0.004244
57000
0.004612
58000
0.00437
59000
0.004365
60000
0.004212
61000
0.004027
62000
0.003968
63000
0.003877
64000
0.004446
65000
0.004126
66000
0.0042
67000
0.004217
68000
0.003899
69000
0.003887
70000
0.003893
71000
0.004219
72000
0.004421
73000
0.004236
74000
0.004135
75000
0.004157
76000
0.00399
77000
0.004107
78000
0.004447
79000
0.003999
80000
0.004104
81000
0.004321
82000
0.004527
83000
0.004244
84000
0.006937
85000
0.004594
86000
0.004047
87000
0.003875
88000
0.00409
89000
0.004156
90000
0.004219
91000
0.004248
92000
0.004158
93000
0.003927
94000
0.003873
95000
0.003878
96000
0.004171
97000
0.004128
98000
0.00427
99000
0.004329
100000
0.000981
