1000
0.369143
2000
0.667695
3000
0.665862
4000
1.38164
5000
1.29008
6000
1.28576
7000
2.70686
8000
2.63883
9000
2.64816
10000
2.5454
11000
2.63034
12000
2.74348
13000
5.38418
14000
5.09406
15000
5.38752
16000
5.2523
17000
5.32833
18000
5.11971
19000
5.40953
20000
5.49371
21000
5.2239
22000
5.10147
23000
5.10095
24000
5.22279
25000
10.4313
26000
10.9068
27000
10.5291
28000
10.3632
29000
10.6095
30000
10.7041
31000
10.5222
32000
10.514
33000
10.894
34000
10.9938
35000
10.7853
36000
11.2186
37000
10.5285
38000
10.4605
39000
10.7498
40000
10.4883
41000
10.4332
42000
10.2234
43000
10.3643
44000
10.3042
45000
11.2262
46000
10.756
47000
10.2499
48000
10.2136
49000
10.3464
50000
20.4701
51000
21.1349
52000
21.536
53000
21.0675
54000
21.1125
55000
21.9916
56000
21.5204
57000
21.4175
58000
21.4213
59000
21.3263
60000
20.7509
61000
20.305
62000
20.9159
63000
21.3872
64000
20.6915
65000
21.1774
66000
20.9711
67000
21.0547
68000
20.8336
69000
20.5585
70000
21.0229
71000
21.3544
72000
22.1823
73000
21.1693
74000
20.8551
75000
20.9459
76000
21.0071
77000
20.6369
78000
20.4721
79000
20.5092
80000
20.4807
81000
20.6984
82000
20.4063
83000
20.3934
84000
20.5759
85000
20.3986
86000
20.4229
87000
20.4403
88000
20.4565
89000
20.4568
90000
20.3827
91000
20.4467
92000
20.7712
93000
20.2414
94000
20.3534
95000
20.2756
96000
20.3788
97000
20.2733
98000
20.2844
99000
20.3229
100000
40.7569
