3040
0.033673
6080
0.062336
9120
0.130013
12160
0.231883
15200
0.367981
18240
0.51178
21280
0.719808
24320
1.02234
27360
1.20279
30400
1.60265
33440
1.75655
36480
2.083
39520
2.42407
42560
2.8005
45600
3.23303
48640
3.68639
51680
4.17909
54720
4.6896
57760
5.41938
60800
5.85796
63840
6.38951
66880
7.04213
69920
7.68438
72960
8.34428
76000
9.05866
79040
9.76309
82080
10.4488
85120
11.2886
88160
12.3702
91200
13.7538
94240
14.0534
97280
14.7688
100320
15.7398
103360
16.7485
106400
17.6712
109440
19.2674
112480
19.7926
115520
20.8763
118560
21.8417
121600
23.0605
124640
24.3197
127680
26.4238
130720
26.8864
133760
27.6892
136800
29.1459
139840
30.279
142880
31.8308
145920
34.3434
148960
36.1434
152000
37.4159
