3040
0.02192
6080
0.096751
9120
0.206879
12160
0.347091
15200
0.625477
18240
0.791809
21280
1.13049
24320
1.44648
27360
1.83319
30400
2.33066
33440
2.73869
36480
3.30943
39520
3.86404
42560
4.30926
45600
5.02689
48640
5.81628
51680
6.59963
54720
7.47373
57760
8.29479
60800
9.34593
63840
9.98868
66880
11.0574
69920
12.6904
72960
13.3865
76000
14.1596
79040
15.9658
82080
16.4625
85120
17.5284
88160
18.571
91200
19.7141
94240
21.516
97280
22.0641
100320
23.8981
103360
26.1173
106400
26.4965
109440
27.9525
112480
29.8369
115520
31.4247
118560
32.5617
121600
35.2887
124640
37.2776
127680
38.0642
130720
39.6309
133760
41.4572
136800
46.4039
139840
46.0463
142880
47.4921
145920
49.1388
148960
51.4121
152000
54.3293
