2
3.9e-05
322
0.023859
642
0.01942
962
0.028781
1282
0.061617
1602
0.071774
1922
0.101231
2242
0.137331
2562
0.180465
2882
0.230674
3202
0.294538
3522
0.395282
3842
0.442633
4162
0.479904
4482
0.614521
4802
0.649829
5122
0.768018
5442
0.910211
5762
0.972938
6082
1.05919
6402
1.36789
6722
1.26185
7042
1.60058
7362
1.51209
7682
1.66137
8002
1.75748
8322
2.00165
8642
2.11413
8962
2.27249
9282
2.37578
9602
2.80439
9922
2.77676
10242
2.96853
10562
3.15077
10882
3.4171
11202
3.57194
11522
3.74818
11842
3.97361
12162
4.28196
12482
4.35541
12802
4.68521
13122
4.86818
13442
5.42714
